[-0.50649468 -0.45681347 -0.62653341 -2.09022122 -0.06463211  1.57105985  0.79152549]
[-0.57201908  0.54111423 -0.37093127 -1.40076902  0.4046582   1.88314087  0.79218079]
[-0.23208806  0.44842665 -0.47430545 -1.8278158   0.40446341  2.1432473  1.12477108]
[-0.69713851  1.25417867 -0.3995297  -0.7007525   0.21902864  1.90725225  1.529755  ]
[-0.60722404  1.0285106  -1.05644272 -0.75500361  0.30461152  1.2602542  2.21403577]
[-0.87257957  0.06351199  0.08036642 -1.63076921  0.58253275  2.42094361  1.70510306]
[-1.08052592  1.16068636 -0.41476161 -0.92600014 -0.05368356  2.41523512 -0.1087311 ]
[-1.19208891  0.10967435 -0.21221296 -1.91127885  0.61868118  1.30334722  0.07929871]
[-0.77810904  0.17200855 -0.30822368 -1.03852799  0.07302937  1.15500091  1.13698889]
[-0.84496484  0.5047282  -0.0049068  -2.18998811  0.10867176  2.65869618  1.56315239]
[-1.0295753   0.48676886  0.35148377 -1.48849356  0.78701354  2.10010898  1.35109205]
[-0.98875191  1.21977751  0.06251666 -1.00051311 -0.692848    2.56451103  2.02450895]
[-0.94206684  0.50237402  0.58904066 -1.62553541 -0.07631785  2.28140349  2.02515367]
[-1.19232722  0.54804158  0.16617286 -1.52041599 -0.97010508  2.00523087  2.62220541]
[-1.81841408  0.12614416  0.91921747 -1.67198191 -0.30648753  1.7912112  1.77746002]
[-1.31889809 -0.06083114  0.26038738 -1.7767243  -1.10230549  1.38696604  0.87619943]
[-1.38384179 -0.491661    0.27109905 -2.27198076 -0.43457694  1.55570627  0.55934179]
[-0.79777719  0.44853679 -0.11190549 -1.43523387 -0.27321817  2.5589905  1.79918277]
[-0.4976402   0.80016798  0.13181751 -1.51254754  0.15368948  2.51426278  2.19204999]
[-0.29303863 -0.00951063 -0.64519991 -1.8270065  -0.11851371  1.81407243  0.8625596 ]
